function [ y ] = sinGaus_lookup( x )
%SINGAUS Custom activation function for sin of 1st act gaus of 2nd
% y(:,1) = 0.5+0.5*(sin(x(1,:)*2*pi));          % Custom Sine
% y(:,2) = (exp(-((x(2,:)*2.5)-0).^2/(2*1^2))); % Custom Gaus
% 
% Implemented with a lookup table for speed. To recreate lookup table:
 %%
%     xDiscrete = -1:0.001:1;
%     sineLookup = 0.5+0.5*(sin(xDiscrete*2*pi));
%     gausLookup = exp(-((xDiscrete*2.5)-0).^2/(2*1^2));
 %%
%
    sineLookup = [0.500000000000000,0.503141571982779,0.506283019941677,0.509424219857704,0.512565047721669,0.515705379539064,0.518845091334968,0.521984059158933,0.525122159089885,0.528259267241012,0.531395259764657,0.534530012857203,0.537663402763966,0.540795305784079,0.543925598275372,0.547054156659258,0.550180857425608,0.553305577137630,0.556428192436741,0.559548580047435,0.562666616782152,0.565782179546141,0.568895145342319,0.572005391276126,0.575112794560379,0.578217232520116,0.581318582597442,0.584416722356367,0.587511529487638,0.590602881813569,0.593690657292862,0.596774734025430,0.599854990257204,0.602931304384941,0.606003554961027,0.609071620698272,0.612135380474691,0.615194713338296,0.618249498511863,0.621299615397704,0.624344943582428,0.627385362841691,0.630420753144949,0.633450994660188,0.636475967758663,0.639495553019615,0.642509631234989,0.645518083414136,0.648520790788518,0.651517634816387,0.654508497187474,0.657493259827653,0.660471804903605,0.663444014827472,0.666409772261494,0.669368960122646,0.672321461587259,0.675267160095630,0.678205939356626,0.681137683352273,0.684062276342339,0.686979602868900,0.689889547760901,0.692791996138698,0.695686833418602,0.698573945317390,0.701453217856832,0.704324537368175,0.707187790496642,0.710042864205903,0.712889645782536,0.715728022840479,0.718557883325467,0.721379115519451,0.724191608045016,0.726995249869774,0.729789930310744,0.732575539038729,0.735351966082666,0.738119101833969,0.740876837050858,0.743625062862666,0.746363670774146,0.749092552669745,0.751811600817881,0.754520707875186,0.757219766890753,0.759908671310355,0.762587314980648,0.765255592153367,0.767913397489498,0.770560626063438,0.773197173367134,0.775822935314215,0.778437808244094,0.781041688926065,0.783634474563378,0.786216062797296,0.788786351711134,0.791345239834288,0.793892626146237,0.796428410080530,0.798952491528760,0.801464770844512,0.803965148847303,0.806453526826488,0.808929806545167,0.811393890244056,0.813845680645350,0.816285080956562,0.818711994874345,0.821126326588292,0.823527980784722,0.825916862650440,0.828292877876478,0.830655932661826,0.833005933717126,0.835342788268360,0.837666404060512,0.839976689361210,0.842273552964345,0.844556904193674,0.846826652906403,0.849082709496736,0.851324984899425,0.853553390593274,0.855767838604643,0.857968241510916,0.860154512443953,0.862326565093524,0.864484313710706,0.866627673111280,0.868756558679087,0.870870886369370,0.872970572712091,0.875055534815230,0.877125690368052,0.879180957644361,0.881221255505724,0.883246503404675,0.885256621387895,0.887251530099367,0.889231150783512,0.891195405288294,0.893144216068309,0.895077506187845,0.896995199323918,0.898897219769286,0.900783492435438,0.902653942855561,0.904508497187474,0.906347082216547,0.908169625358592,0.909976054662726,0.911766298814214,0.913540287137281,0.915297949597906,0.917039216806586,0.918764020021071,0.920472291149085,0.922163962751008,0.923838968042542,0.925497240897346,0.927138715849648,0.928763328096826,0.930371013501972,0.931961708596418,0.933535350582245,0.935091877334763,0.936631227404960,0.938153340021932,0.939658155095278,0.941145613217477,0.942615655666228,0.944068224406772,0.945503262094184,0.946920712075632,0.948320518392618,0.949702625783186,0.951066979684102,0.952413526233010,0.953742212270559,0.955052985342498,0.956345793701752,0.957620586310459,0.958877312841991,0.960115923682935,0.961336369935058,0.962538603417229,0.963722576667331,0.964888242944126,0.966035556229106,0.967164471228306,0.968274943374096,0.969366928826937,0.970440384477113,0.971495267946432,0.972531537589903,0.973549152497372,0.974548072495147,0.975528258147577,0.976489670758610,0.977432272373322,0.978356025779415,0.979260894508688,0.980146842838472,0.981013835793043,0.981861839145005,0.982690819416637,0.983500743881218,0.984291580564316,0.985063298245053,0.985815866457337,0.986549255491063,0.987263436393289,0.987958380969374,0.988634061784097,0.989290452162736,0.989927526192123,0.990545258721667,0.991143625364344,0.991722602497665,0.992282167264603,0.992822297574499,0.993342972103934,0.993844170297569,0.994325872368957,0.994788059301326,0.995230712848326,0.995653815534753,0.996057350657239,0.996441302284907,0.996805655260004,0.997150395198500,0.997475508490650,0.997780982301540,0.998066804571586,0.998332964017015,0.998579450130307,0.998806253180613,0.999013364214136,0.999200775054488,0.999368478303009,0.999516467339062,0.999644736320295,0.999753280182866,0.999842094641650,0.999911176190405,0.999960522101908,0.999990130428069,1,0.999990130428069,0.999960522101908,0.999911176190405,0.999842094641650,0.999753280182866,0.999644736320295,0.999516467339062,0.999368478303009,0.999200775054488,0.999013364214136,0.998806253180613,0.998579450130307,0.998332964017015,0.998066804571586,0.997780982301540,0.997475508490650,0.997150395198500,0.996805655260004,0.996441302284907,0.996057350657239,0.995653815534753,0.995230712848326,0.994788059301325,0.994325872368957,0.993844170297569,0.993342972103934,0.992822297574499,0.992282167264603,0.991722602497665,0.991143625364344,0.990545258721667,0.989927526192123,0.989290452162736,0.988634061784097,0.987958380969374,0.987263436393289,0.986549255491063,0.985815866457337,0.985063298245053,0.984291580564316,0.983500743881218,0.982690819416637,0.981861839145005,0.981013835793043,0.980146842838472,0.979260894508688,0.978356025779415,0.977432272373322,0.976489670758610,0.975528258147577,0.974548072495147,0.973549152497372,0.972531537589902,0.971495267946432,0.970440384477113,0.969366928826937,0.968274943374096,0.967164471228306,0.966035556229105,0.964888242944126,0.963722576667331,0.962538603417229,0.961336369935057,0.960115923682935,0.958877312841991,0.957620586310459,0.956345793701751,0.955052985342498,0.953742212270559,0.952413526233010,0.951066979684101,0.949702625783185,0.948320518392618,0.946920712075632,0.945503262094184,0.944068224406772,0.942615655666228,0.941145613217477,0.939658155095278,0.938153340021932,0.936631227404960,0.935091877334763,0.933535350582245,0.931961708596418,0.930371013501972,0.928763328096826,0.927138715849648,0.925497240897346,0.923838968042542,0.922163962751007,0.920472291149085,0.918764020021071,0.917039216806586,0.915297949597906,0.913540287137281,0.911766298814213,0.909976054662726,0.908169625358592,0.906347082216547,0.904508497187473,0.902653942855561,0.900783492435438,0.898897219769286,0.896995199323918,0.895077506187845,0.893144216068309,0.891195405288294,0.889231150783512,0.887251530099367,0.885256621387895,0.883246503404675,0.881221255505724,0.879180957644361,0.877125690368052,0.875055534815230,0.872970572712091,0.870870886369370,0.868756558679087,0.866627673111280,0.864484313710706,0.862326565093523,0.860154512443954,0.857968241510916,0.855767838604643,0.853553390593274,0.851324984899425,0.849082709496736,0.846826652906402,0.844556904193674,0.842273552964344,0.839976689361210,0.837666404060512,0.835342788268360,0.833005933717126,0.830655932661826,0.828292877876478,0.825916862650439,0.823527980784722,0.821126326588292,0.818711994874345,0.816285080956562,0.813845680645350,0.811393890244056,0.808929806545167,0.806453526826488,0.803965148847303,0.801464770844512,0.798952491528759,0.796428410080530,0.793892626146237,0.791345239834288,0.788786351711134,0.786216062797295,0.783634474563378,0.781041688926065,0.778437808244094,0.775822935314215,0.773197173367135,0.770560626063438,0.767913397489498,0.765255592153367,0.762587314980648,0.759908671310355,0.757219766890753,0.754520707875185,0.751811600817880,0.749092552669745,0.746363670774146,